Rank	               Card Name	 PWR	 ADP	APR	Deals	Drafted	Plays	WinHand	WinPlay	WtdPWR	Elo/Play
1	         Begging Student	5.34	1.34	3.04	431	430	409	167	161	4.52	5.77
2	            Brewery Pond	5.28	1.56	4.55	677	675	620	264	250	4.41	5.17
3	          Hardware Store	4.90	1.30	4.08	653	652	595	234	224	4.25	4.91
4	               Informant	4.77	1.80	2.24	617	614	564	215	206	4.07	2.87
5	               Furnisher	4.65	1.79	3.28	630	628	592	212	205	4.08	2.80
6	     Wooden Hut Extender	4.61	1.54	4.69	635	635	609	209	205	4.13	3.02
7	                Braggart	4.56	1.07	13.50	461	461	430	152	147	4.06	3.66
8	              Cow Prince	4.52	2.34	13.39	639	633	493	226	202	3.78	3.84
9	      Carpenter's Parlor	4.44	1.13	4.08	657	657	639	205	204	4.04	3.18
10	            House Artist	4.39	1.61	3.46	570	567	514	191	175	4.05	4.06
11	      Skillful Renovator	4.38	3.16	8.27	617	582	519	203	189	3.86	2.76
12	            Wood Carrier	4.37	2.92	11.94	602	599	515	197	184	3.86	2.29
13	          Teacher's Desk	4.33	1.71	3.87	706	702	660	222	214	4.02	3.36
14	         Forest Reviewer	4.32	1.66	1.67	631	627	593	199	191	3.92	2.21
15	           Trade Teacher	4.27	1.77	5.07	432	429	414	132	129	3.94	1.44
16	           Clay Supports	4.25	1.51	5.78	648	642	583	204	193	3.78	2.48
17	             Foreign Aid	4.21	3.32	4.61	661	597	532	210	195	3.60	1.80
18	  Recreational Carpenter	4.18	1.95	4.32	594	590	516	187	174	3.80	3.51
19	             Full Farmer	4.16	3.42	10.99	608	587	474	202	177	3.73	3.47
20	                 Caravan	4.12	1.10	4.66	478	478	461	142	138	3.95	3.36
21	            Field Fences	4.12	2.38	12.50	628	626	540	205	181	3.74	2.47
22	           Harvest House	4.12	2.95	10.04	659	643	530	220	190	3.59	2.27
23	               Bookshelf	4.04	2.42	8.34	664	663	581	202	188	3.72	3.51
24	       Wood Slide Hammer	4.03	1.89	10.34	663	656	550	207	187	3.56	2.10
25	          Basket Carrier	4.03	3.06	5.51	599	574	465	194	169	3.49	3.39
26	              Swing Plow	4.00	1.93	9.47	650	646	592	192	182	3.77	2.95
27	                  Grocer	3.98	2.15	8.98	618	617	563	177	172	3.66	1.87
28	        Assistant Tiller	3.94	1.36	5.77	594	594	562	175	164	3.82	2.96
29	            Task Artisan	3.92	2.94	3.84	631	619	522	196	173	3.59	2.64
30	               Pet Lover	3.90	1.67	4.46	600	600	575	169	164	3.80	2.53
31	                   Mason	3.88	2.68	11.88	655	645	550	194	178	3.61	2.53
32	           Wood Barterer	3.87	1.57	3.83	624	623	575	181	169	3.50	0.86
33	                Bookcase	3.85	1.64	4.97	664	663	615	188	179	3.61	1.56
34	              Hand Truck	3.85	1.84	6.10	653	648	548	204	176	3.46	1.93
35	          Field Watchman	3.83	1.18	4.26	638	638	631	173	171	3.78	1.79
36	              Wheel Plow	3.81	2.12	9.42	678	675	619	194	181	3.64	1.65
37	               Wood Cart	3.78	1.65	7.27	680	680	612	198	180	3.54	1.82
38	           Chimney Sweep	3.76	3.55	12.11	654	651	531	199	172	3.48	3.05
39	       Lord of the Manor	3.75	3.09	13.40	575	561	365	180	151	3.20	4.90
40	              Baseboards	3.75	3.66	10.99	675	641	530	202	177	3.40	2.40
41	            Mini Pasture	3.74	3.20	8.86	657	651	583	188	172	3.57	1.73
42	           Milking Stool	3.73	2.73	10.52	681	671	549	198	178	3.53	2.48
43	          Master Builder	3.71	4.31	13.21	650	569	393	192	169	3.00	4.83
44	             Rammed Clay	3.70	1.55	6.21	684	684	662	182	177	3.72	1.11
45	         Education Bonus	3.69	3.14	7.36	619	596	529	170	160	3.42	1.34
46	           Lettuce Patch	3.68	3.57	10.38	653	640	554	183	168	3.38	2.36
47	                Loam Pit	3.64	1.94	8.37	679	673	589	188	173	3.40	1.82
48	            Writing Desk	3.57	3.49	8.16	689	652	529	194	172	3.16	1.36
49	        Work Certificate	3.56	1.92	7.45	453	452	378	127	113	3.38	2.14
50	               Reap Hook	3.56	2.95	6.49	650	632	572	179	162	3.40	0.98
51	              Wholesaler	3.53	3.20	10.34	616	598	517	167	152	3.44	1.07
52	                 Collier	3.52	1.89	2.19	658	651	584	173	162	3.35	0.45
53	                 Trellis	3.52	2.93	9.17	685	665	602	182	169	3.28	0.47
54	     Half-Timbered House	3.50	2.75	13.46	702	687	417	224	172	2.93	3.98
55	           Carrot Museum	3.49	2.51	7.11	655	620	477	184	160	3.19	1.84
56	               Excavator	3.48	1.54	2.44	660	656	563	179	161	3.39	2.27
57	                     Hod	3.47	3.10	7.76	642	623	537	174	156	3.32	1.31
58	                Bonehead	3.46	3.00	4.00	627	617	556	162	152	3.28	0.74
59	            Christianity	3.44	4.11	10.12	648	601	474	190	156	3.13	2.14
60	          Animal Catcher	3.43	2.89	10.60	596	589	468	164	143	3.21	1.79
61	         Agrarian Fences	3.39	4.09	8.11	682	634	535	184	162	3.04	1.14
62	                   Lover	3.35	3.26	9.74	622	598	480	167	146	3.16	2.10
63	                    Loom	3.34	2.97	9.69	620	607	487	171	145	3.19	2.47
64	            Hedge Keeper	3.31	2.87	8.96	644	634	544	167	149	3.16	1.08
65	              Cultivator	3.30	2.49	6.44	624	620	539	156	144	3.19	0.81
66	                 Cesspit	3.30	2.86	4.62	636	537	431	168	147	3.01	3.00
67	            Throwing Axe	3.29	3.12	8.46	703	682	570	189	162	3.07	-0.54
68	          Cross-Cut Wood	3.28	3.05	11.58	457	445	351	124	105	3.11	0.55
69	               Stockyard	3.18	3.37	7.89	646	620	504	170	144	3.00	0.31
70	            Animal Reeve	3.16	3.72	7.68	665	625	443	183	147	3.01	3.08
71	                  Pavior	3.15	2.47	3.12	612	592	529	149	135	3.20	1.48
72	            Treegardener	3.15	2.89	5.96	621	606	499	154	137	3.06	0.48
73	               Confidant	3.15	3.76	10.83	658	619	449	180	145	2.83	1.53
74	            Value Assets	3.14	4.13	5.78	682	623	543	171	150	3.08	0.82
75	           House Steward	3.13	4.02	5.40	639	567	411	173	140	2.74	2.01
76	               Harpooner	3.12	1.60	3.52	664	664	626	152	145	3.33	0.36
77	          Turnwrest Plow	3.12	2.33	9.81	669	659	591	157	146	3.13	0.20
78	        Food Distributor	3.12	4.53	12.09	651	593	492	169	142	3.03	0.79
79	                    Stew	3.09	2.28	4.60	679	638	483	184	147	2.88	3.09
80	              Pet Broker	3.09	4.58	8.47	614	558	421	164	133	2.82	1.79
81	         Charcoal Burner	3.08	2.91	2.95	576	546	456	144	124	3.06	2.93
82	          Moldboard Plow	3.07	2.32	8.42	661	658	614	152	142	3.13	0.19
83	              Steam Plow	3.06	3.43	9.62	640	584	487	155	137	2.90	0.17
84	                 Hauberg	3.05	3.42	9.53	618	598	472	151	132	3.04	1.28
85	      Newly-Plowed Field	3.05	4.22	12.05	618	561	390	168	132	2.70	3.16
86	              Beer Table	3.03	1.92	5.74	688	678	583	166	146	2.95	-1.96
87	          Writing Boards	3.03	3.23	11.95	660	644	525	163	140	3.08	0.50
88	             Forest Plow	3.02	2.33	8.11	648	629	551	152	137	3.10	-0.15
89	          Roof Ballaster	3.01	3.63	11.77	622	606	368	173	131	2.68	3.10
90	 Excursion to the Quarry	3.01	3.89	11.28	632	590	379	189	133	2.63	2.34
91	          Stable Cleaner	3.01	4.52	11.35	603	536	358	167	127	2.60	4.14
92	      Wooden Whey Bucket	3.00	2.72	8.65	661	645	554	157	139	3.00	0.56
93	               Collector	3.00	3.20	7.92	600	540	410	158	126	2.82	1.99
94	        Tree Farm Joiner	3.00	3.81	5.14	647	609	453	164	136	2.79	1.51
95	           Mining Hammer	2.99	3.35	7.16	655	620	536	152	137	3.01	1.12
96	              Tree Guard	2.98	2.54	3.91	647	601	446	169	135	2.72	0.08
97	              Feed Fence	2.98	3.49	6.43	676	628	518	169	141	2.80	-0.03
98	               Plow Hero	2.97	4.02	9.41	631	556	452	153	131	2.88	1.87
99	               Pig Owner	2.97	4.35	13.11	610	564	328	166	127	2.52	2.55
100	                Layabout	2.96	4.22	9.55	603	565	432	155	125	2.83	1.03
101	                  Credit	2.96	4.60	8.08	637	473	372	154	132	2.68	2.46
102	                    Wage	2.95	4.95	7.79	640	536	460	159	132	2.82	1.16
103	            Animal Tamer	2.93	3.86	8.74	643	604	501	150	132	2.90	0.73
104	          Private Forest	2.92	2.86	2.83	679	645	532	159	139	2.91	1.72
105	              Plow Maker	2.91	3.04	8.90	604	576	500	138	123	3.06	1.19
106	             Plow Driver	2.91	3.90	10.04	644	542	411	164	131	2.74	3.04
107	            Young Farmer	2.90	2.72	5.88	631	619	486	158	128	2.91	0.86
108	              Club House	2.90	4.45	7.04	655	560	431	164	133	2.60	1.93
109	                Claypipe	2.88	3.54	6.98	684	638	516	162	138	2.87	0.46
110	                Beer Keg	2.88	3.77	9.06	634	535	337	169	128	2.45	3.33
111	               Blueprint	2.87	2.96	5.53	663	652	505	166	133	2.67	-0.44
112	         Private Teacher	2.86	2.21	1.88	595	579	534	124	119	2.87	-1.56
113	               Cordmaker	2.84	2.83	3.01	604	576	475	142	120	2.79	-0.09
114	               Reed Pond	2.84	3.72	8.33	698	664	517	160	139	2.82	1.47
115	         Field Caretaker	2.84	4.06	9.05	618	573	439	151	123	2.68	-0.24
116	         Potter Ceramics	2.83	2.43	5.05	713	698	629	156	141	2.99	-1.05
117	            Forest Owner	2.83	3.38	4.89	625	594	493	142	124	2.80	0.65
118	             Food Basket	2.83	4.27	10.97	635	570	478	149	126	2.86	0.61
119	         Furniture Maker	2.82	3.50	3.64	597	535	463	140	118	2.84	0.52
120	          Wood Collector	2.82	3.73	5.28	623	595	457	154	123	2.72	0.70
121	             Wood Cutter	2.80	2.05	2.95	622	620	563	137	122	2.97	-0.34
122	                   Canoe	2.80	2.60	4.87	632	599	478	153	124	2.70	0.39
123	              Portmonger	2.80	3.42	4.26	613	554	420	143	120	2.64	0.65
124	                Haydryer	2.77	4.39	11.45	587	515	334	158	114	2.47	2.81
125	              Bricklayer	2.76	3.15	5.14	606	562	444	146	117	2.73	0.98
126	             Conservator	2.74	3.26	11.01	625	604	465	143	120	2.67	0.13
127	           Muddy Puddles	2.72	3.51	10.78	635	607	459	155	121	2.63	0.27
128	                Milk Jug	2.72	3.70	9.57	661	635	535	155	126	2.91	0.68
129	             Supply Boat	2.72	4.11	8.07	645	572	443	149	123	2.60	1.17
130	         Animal Activist	2.72	4.65	5.52	646	529	355	153	123	2.45	3.95
131	           Ranch Provost	2.71	4.52	6.61	596	495	356	145	113	2.56	2.10
132	     Brushwood Collector	2.69	2.32	4.00	622	603	496	137	117	2.67	0.03
133	            Chick Stable	2.69	4.10	5.50	611	561	473	140	115	2.76	-0.07
134	                   Tutor	2.69	4.43	3.98	658	463	354	151	124	2.39	3.31
135	         Village Peasant	2.69	5.09	13.29	654	516	320	170	123	2.27	3.09
136	             Beating Rod	2.65	4.73	7.25	669	553	452	156	124	2.53	0.64
137	                  Trowel	2.63	3.06	10.04	663	630	450	168	122	2.53	0.68
138	           Junior Artist	2.62	2.47	2.69	599	560	461	137	110	2.65	1.01
139	                Equipper	2.62	3.34	3.84	579	537	406	136	106	2.61	0.46
140	            Forest Stone	2.62	4.16	7.55	703	647	533	153	129	2.73	0.67
141	                  Scales	2.61	2.72	1.54	667	589	492	150	122	2.71	1.26
142	             Wood Expert	2.60	3.37	4.51	609	550	446	138	111	2.58	-0.70
143	               Beanfield	2.60	4.41	10.29	677	616	467	150	123	2.44	-0.32
144	         Seasonal Worker	2.59	2.29	5.73	629	619	487	142	114	2.61	0.38
145	                   Buyer	2.59	2.81	6.73	650	645	514	144	118	2.85	-0.14
146	               Storeroom	2.59	4.38	13.12	668	548	305	174	121	2.24	3.35
147	                  Patron	2.58	3.28	2.17	582	538	475	121	105	2.77	0.39
148	            Feed Pellets	2.58	4.62	7.95	682	583	488	151	123	2.68	0.70
149	           Animal Dealer	2.56	2.93	9.25	598	592	436	144	107	2.60	-0.13
150	           Fellow Grazer	2.55	4.79	13.20	633	495	293	159	113	2.20	4.66
151	                Handplow	2.54	3.51	6.06	680	636	524	142	121	2.60	-0.22
152	            Sheep Walker	2.54	4.02	9.91	635	585	399	141	113	2.46	1.56
153	                   Hutch	2.54	4.50	8.07	675	577	382	160	120	2.34	2.72
154	             Big Country	2.53	2.50	8.99	457	415	280	107	81	2.53	3.34
155	        Reed-Hatted Toad	2.53	2.63	1.55	639	608	468	143	113	2.63	1.29
156	                 Plumber	2.51	3.79	8.55	608	575	445	135	107	2.43	-0.36
157	 Gardening Head Official	2.51	4.71	5.52	615	519	356	149	108	2.36	1.33
158	               Carpenter	2.50	2.63	4.17	645	625	517	139	113	2.59	-0.25
159	             Clay Supply	2.50	3.51	4.52	651	618	520	133	114	2.69	-0.25
160	            Game Catcher	2.50	4.60	13.57	605	542	361	142	106	2.45	3.15
161	           Barrow Pusher	2.47	3.62	6.69	566	527	375	125	98	2.35	0.87
162	                 Bucksaw	2.45	4.47	8.31	618	488	357	131	106	2.21	0.34
163	            Trap Builder	2.44	2.76	3.77	614	573	392	146	105	2.34	0.55
164	               Wood Rake	2.44	4.90	11.29	667	539	302	156	114	2.13	4.43
165	         Carpenter's Axe	2.43	3.17	6.71	682	652	520	146	116	2.61	-0.23
166	                   Baker	2.43	3.77	10.03	622	559	350	158	106	2.25	1.92
167	               Nest Site	2.43	4.01	3.89	665	540	408	133	113	2.34	1.92
168	         Threshing Board	2.43	4.29	9.95	682	588	411	153	116	2.32	1.92
169	     Maintenance Premium	2.43	4.36	7.58	688	584	469	137	117	2.35	0.11
170	      Basketmaker's Wife	2.43	4.41	7.20	588	509	362	140	100	2.48	2.90
171	          Swimming Class	2.42	3.83	7.73	625	531	347	146	106	2.27	1.56
172	           Basket Weaver	2.41	4.20	8.25	574	539	349	138	97	2.31	0.60
173	    Shifting Cultivation	2.41	4.45	10.95	676	569	440	145	114	2.38	0.53
174	              Wood Field	2.41	4.70	9.18	663	577	447	144	112	2.55	1.30
175	           Shoreforester	2.37	3.83	2.96	584	500	367	121	97	2.44	1.08
176	             Roof Ladder	2.35	3.83	7.86	662	611	444	144	109	2.37	-0.08
177	                 Tumbrel	2.35	4.69	7.23	688	538	431	140	113	2.30	-0.13
178	            Water Worker	2.34	2.27	3.00	623	611	494	128	102	2.58	-0.69
179	               Constable	2.34	4.20	5.87	599	527	333	142	98	2.22	1.25
180	        Winter Caretaker	2.34	4.46	9.69	617	513	375	136	101	2.33	0.56
181	         Party Organizer	2.34	5.02	11.08	622	495	347	140	102	2.24	2.13
182	           Steam Machine	2.33	3.10	9.06	700	659	413	165	114	2.18	-0.03
183	           Retail Dealer	2.33	3.51	4.59	625	548	407	133	102	2.36	1.67
184	             Paper Maker	2.33	4.43	6.43	600	460	307	138	98	2.09	1.99
185	             Gift Basket	2.33	4.87	11.74	655	519	338	142	107	2.17	2.52
186	             Lumber Mill	2.32	4.19	6.40	676	528	382	140	110	2.16	1.37
187	          Organic Farmer	2.31	5.01	13.25	613	504	241	146	99	1.96	5.11
188	               Mole Plow	2.30	3.04	10.14	609	551	442	115	98	2.57	0.63
189	            Bread Paddle	2.30	4.02	7.55	677	586	423	142	109	2.27	-0.83
190	     Straw-Thatched Roof	2.28	3.42	7.81	677	563	372	149	108	2.16	1.24
191	             Forest Well	2.28	4.59	8.75	664	569	391	145	106	2.37	2.47
192	         Forest Lake Hut	2.24	3.42	6.81	618	572	431	128	97	2.27	0.20
193	           Carriage Trip	2.24	3.88	11.94	492	442	325	106	77	2.22	-2.02
194	           Lantern House	2.22	2.82	1.69	669	564	431	146	104	2.21	-1.21
195	           Forest Trader	2.22	2.92	4.59	599	583	439	120	93	2.25	-3.18
196	       Master Bricklayer	2.22	3.59	8.48	625	587	358	141	97	2.26	1.37
197	                 Plowman	2.22	3.61	3.47	636	567	441	133	99	2.24	-0.46
198	          Drift-Net Boat	2.21	3.71	7.25	692	598	429	131	107	2.16	-0.11
199	           Greening Plan	2.20	4.19	12.36	669	537	294	148	103	1.97	3.32
200	         Stock Protector	2.19	3.30	9.50	614	588	474	111	94	2.50	-0.86
201	          Truffle Slicer	2.17	4.09	9.95	706	640	387	163	107	2.11	0.21
202	                  Grange	2.16	4.46	13.83	636	467	221	146	96	1.88	7.55
203	        Strawberry Patch	2.16	4.59	13.03	662	560	277	166	100	1.93	4.39
204	                   Flail	2.15	4.05	7.00	671	581	465	128	101	2.33	-0.51
205	                Cottager	2.12	2.38	4.65	628	611	462	134	93	2.38	-0.38
206	                Pond Hut	2.11	4.26	6.28	683	585	430	140	101	2.19	0.45
207	        Wildlife Reserve	2.08	4.56	10.10	695	618	412	152	101	2.17	1.44
208	        Clay Hut Builder	2.07	3.95	6.97	621	548	386	131	90	2.29	1.68
209	                 Trident	2.07	4.37	9.73	650	589	442	139	94	2.26	-1.18
210	             Chain Float	2.04	2.61	3.73	638	589	481	114	91	2.35	-1.11
211	     Shifting Cultivator	2.02	4.84	9.99	588	416	263	139	83	1.80	2.15
212	               Chophouse	2.01	4.09	7.25	683	539	415	117	96	2.09	0.44
213	        Sculpture Course	2.00	4.06	4.56	663	481	290	123	93	1.73	0.93
214	           Shovel Bearer	1.99	3.52	4.25	625	557	391	129	87	2.11	0.28
215	            Butter Churn	1.99	4.45	7.52	669	557	387	130	93	2.02	-0.58
216	               Junk Room	1.98	4.12	5.15	684	560	460	118	95	2.14	-0.52
217	        Adoptive Parents	1.98	4.53	6.58	607	494	338	125	84	2.02	-0.05
218	            Small Basket	1.98	4.86	8.66	678	481	343	126	94	1.84	0.41
219	             Greengrocer	1.97	3.68	7.28	601	530	393	110	83	2.07	-0.49
220	       Upscale Lifestyle	1.97	3.90	8.44	652	581	381	149	90	2.08	-0.06
221	            Chicken Coop	1.97	4.30	6.62	675	557	374	128	93	2.01	1.10
222	                  Priest	1.96	4.39	5.92	634	396	285	119	87	1.83	2.22
223	             Housemaster	1.96	4.96	13.18	662	538	244	154	91	1.71	3.83
224	            New Purchase	1.96	5.01	7.41	677	466	355	115	93	2.03	1.37
225	      Outskirts Director	1.95	3.35	4.50	629	563	367	129	86	1.97	-1.04
226	        Clay Deliveryman	1.95	4.07	6.11	630	570	351	142	86	1.98	1.15
227	          Recycled Brick	1.95	4.94	11.00	639	490	304	125	87	1.82	1.37
228	           Animal Feeder	1.94	2.92	5.70	654	611	443	119	89	2.12	-1.02
229	        Luxurious Hostel	1.94	4.38	12.52	701	455	233	135	95	1.57	3.88
230	             Stonecutter	1.92	4.42	7.15	634	549	322	129	85	1.88	0.86
231	           Potato Digger	1.90	4.87	11.90	638	511	301	138	85	1.82	2.07
232	     German Heath Keeper	1.90	4.96	9.88	646	552	313	146	86	1.79	-0.09
233	                Chairman	1.89	3.45	2.02	605	500	402	102	80	2.07	-0.45
234	          Animal Teacher	1.88	4.22	6.57	571	445	332	97	75	2.01	-0.20
235	               Ropemaker	1.87	4.67	5.23	658	497	311	113	86	1.76	1.70
236	     Calcium Fertilizers	1.86	4.72	4.81	631	451	318	112	82	1.83	0.17
237	             Seed Seller	1.85	4.19	6.54	610	464	339	99	79	1.92	-0.33
238	               Woodcraft	1.85	4.47	5.72	658	533	450	104	85	2.08	-1.00
239	            Clay Kneader	1.85	4.47	5.92	619	475	344	107	80	1.88	0.10
240	             Bellfounder	1.84	4.05	6.15	599	458	282	125	77	1.80	1.00
241	          Stable Planner	1.84	4.06	4.07	621	520	361	113	80	1.93	-0.07
242	              Remodeling	1.84	5.13	10.53	666	462	311	119	86	1.77	-0.39
243	                Overhaul	1.83	4.74	12.50	680	556	363	122	87	1.93	1.16
244	                  Porter	1.82	3.89	4.64	611	513	328	110	78	1.93	0.48
245	              Food Chest	1.82	5.18	7.92	651	467	322	117	83	1.74	0.00
246	            Clay Carrier	1.81	5.10	8.06	616	473	270	135	78	1.73	0.95
247	           Casual Worker	1.80	4.33	8.94	644	571	355	121	81	1.94	1.05
248	            Market Crier	1.79	4.04	7.20	638	537	419	110	80	2.00	-2.02
249	      Firewood Collector	1.79	4.18	5.66	598	462	310	109	75	1.91	1.36
250	          Clay Plasterer	1.79	4.24	7.46	592	512	359	115	74	1.84	-2.14
251	              Clay Firer	1.79	5.14	9.64	615	484	237	131	77	1.57	1.09
252	      Seaweed Fertilizer	1.76	4.69	9.62	609	465	311	110	75	1.82	-0.51
253	                Stockman	1.76	4.85	10.20	616	482	298	118	76	1.82	1.97
254	             Fishing Net	1.73	4.49	7.99	628	506	336	116	76	1.82	0.75
255	             Clay Warden	1.72	3.85	2.90	631	511	359	107	76	1.87	0.61
256	         Oven Firing Boy	1.70	4.12	8.68	615	496	257	123	73	1.60	1.20
257	               Hawktower	1.69	3.85	6.09	667	524	350	106	79	1.80	-0.09
258	Inner Districts Director	1.69	3.93	7.50	617	540	311	120	73	1.70	-1.11
259	                Thresher	1.69	4.29	7.73	659	518	339	120	78	1.72	-0.98
260	          Sheep Provider	1.69	4.54	7.58	668	525	339	127	79	1.82	1.32
261	          Hard Porcelain	1.68	4.40	8.54	680	570	340	137	80	1.79	-0.34
262	                   Lasso	1.66	4.16	9.88	654	548	336	117	76	1.72	-0.52
263	        Horse-Drawn Boat	1.66	4.54	7.52	738	606	366	136	86	1.73	0.58
264	                 Ebonist	1.66	4.58	7.32	604	454	305	107	70	1.70	-1.33
265	        Whisky Distiller	1.63	3.68	5.07	614	503	258	119	70	1.63	1.02
266	      Renovation Company	1.63	3.90	4.21	668	416	280	105	76	1.58	1.06
267	              Stone Cart	1.63	4.54	5.95	668	505	296	119	76	1.55	-0.98
268	                  Pastor	1.63	5.17	6.78	604	413	218	118	69	1.45	1.48
269	              Corn Scoop	1.62	3.67	6.30	678	580	452	101	77	1.94	-1.91
270	        Small Greenhouse	1.61	4.35	6.64	648	466	314	99	73	1.62	0.45
271	        Housebook Master	1.60	5.08	9.75	624	396	222	107	70	1.52	2.22
272	               Pitchfork	1.58	4.41	8.00	667	496	353	116	74	1.64	-1.39
273	           Estate Worker	1.58	5.04	5.50	615	404	226	109	68	1.46	2.61
274	             Stone Tongs	1.57	4.63	7.86	654	536	317	118	72	1.53	-2.27
275	                 Bottles	1.56	4.50	10.69	639	572	272	150	70	1.65	2.75
276	    Three-Field Rotation	1.56	5.22	10.94	670	464	297	103	73	1.59	0.80
277	                Conjurer	1.55	4.21	5.20	634	458	301	105	69	1.60	0.00
278	            Baking Sheet	1.55	4.58	5.77	711	438	294	115	77	1.49	0.42
279	           Scythe Worker	1.55	4.92	9.14	582	426	266	101	63	1.63	-0.53
280	                Beer Tap	1.55	5.06	6.98	671	433	302	102	73	1.54	-0.70
281	          Hunting Trophy	1.54	5.36	11.59	696	457	259	109	75	1.54	3.23
282	        Livestock Feeder	1.52	5.18	9.80	621	449	250	110	66	1.47	1.26
283	           Brewing Water	1.50	4.56	5.29	657	400	298	99	69	1.48	-0.10
284	                 Soldier	1.50	5.11	13.30	628	494	201	120	66	1.40	2.94
285	                  Rustic	1.49	4.57	6.87	586	314	189	88	61	1.32	2.37
286	      Schnapps Distiller	1.49	4.63	8.29	577	426	261	94	60	1.58	-0.20
287	             Seed Trader	1.49	5.31	11.10	662	398	229	109	69	1.39	2.22
288	               Reed Belt	1.48	4.14	3.78	686	523	330	109	71	1.62	-0.54
289	          Fodder Chamber	1.48	4.42	13.78	684	502	172	158	71	1.23	3.35
290	              Sheep Well	1.48	5.40	11.89	696	475	271	107	72	1.48	0.72
291	                Scullery	1.47	3.74	3.70	632	457	324	93	65	1.64	-0.04
292	          Potato Planter	1.46	4.71	6.24	637	372	190	104	65	1.24	1.59
293	                  Stable	1.46	5.52	9.26	647	380	255	98	66	1.41	0.16
294	          Moral Crusader	1.45	4.65	3.96	619	382	233	95	63	1.44	2.48
295	     Schnapps Distillery	1.45	4.84	11.31	650	464	226	114	66	1.31	1.94
296	                  Manger	1.45	5.02	11.98	651	361	187	107	66	1.32	4.29
297	          Lawn Fertilzer	1.45	5.20	8.14	718	481	346	107	73	1.61	-0.10
298	               Wood Pile	1.45	5.28	10.71	660	483	269	113	67	1.41	0.67
299	                  Angler	1.44	4.03	4.98	584	391	243	96	59	1.36	-1.10
300	           Stable Master	1.43	5.14	8.96	630	451	282	105	63	1.52	-0.08
301	              Consultant	1.42	5.71	12.23	603	439	228	110	60	1.41	0.47
302	             Home Brewer	1.41	5.18	8.81	647	434	246	103	64	1.38	0.61
303	      Small-scale Farmer	1.39	3.99	1.41	618	405	325	78	60	1.67	-0.11
304	          Soil Scientist	1.39	4.60	7.94	646	442	241	107	63	1.42	-0.30
305	             Herring Pot	1.38	3.99	5.72	662	474	331	96	64	1.54	-1.14
306	             Tree Cutter	1.38	4.66	5.96	623	415	229	96	60	1.42	2.45
307	           Bale of Straw	1.38	5.20	7.94	671	379	279	92	65	1.41	-0.14
308	                 Cowherd	1.38	5.31	10.72	609	394	180	111	59	1.22	2.08
309	                  Salter	1.37	3.85	3.38	645	468	278	110	62	1.41	-1.78
310	           Acorns Basket	1.37	5.16	11.15	657	488	262	115	63	1.52	1.47
311	            Thick Forest	1.36	5.01	6.60	691	474	286	110	66	1.43	0.70
312	     Store of Experience	1.36	5.53	7.54	649	396	303	88	62	1.47	-1.90
313	      Domestician Expert	1.35	4.71	7.84	594	472	279	96	56	1.51	-0.65
314	          Little Peasant	1.34	3.07	1.92	404	330	259	53	38	1.77	-4.41
315	               Geologist	1.34	3.79	3.44	609	485	298	94	57	1.31	-1.77
316	                 Scholar	1.34	4.67	8.92	652	403	192	111	61	1.22	1.76
317	               Puppeteer	1.34	4.88	3.65	608	351	196	96	57	1.22	3.20
318	        Shepherd's Crook	1.34	4.95	8.75	627	415	305	84	59	1.49	-1.59
319	                  Butler	1.33	5.21	10.52	687	375	183	117	64	1.15	0.73
320	                 Swagman	1.32	3.62	5.37	637	549	333	102	59	1.54	-2.01
321	             Fish Farmer	1.32	3.81	3.03	593	445	298	82	55	1.49	-0.95
322	              Farm Store	1.32	4.52	7.45	608	433	270	86	56	1.48	-0.51
323	                 Tasting	1.30	4.66	7.54	660	453	269	103	60	1.32	-1.19
324	              Manservant	1.30	4.93	8.99	650	371	208	96	59	1.24	1.32
325	           Frame Builder	1.30	4.94	8.56	624	444	217	106	57	1.24	0.62
326	         Forest Guardian	1.30	5.10	7.03	605	401	231	101	55	1.33	0.33
327	   Journeyman Bricklayer	1.30	5.33	10.53	626	456	229	107	57	1.34	0.98
328	              Churchyard	1.30	5.43	11.23	713	477	235	106	65	1.24	1.23
329	              Forest Inn	1.28	3.84	5.07	680	557	309	102	61	1.40	-1.78
330	            Crack Weeder	1.28	5.55	8.63	715	407	251	106	64	1.27	1.15
331	           Cattle Feeder	1.27	4.50	9.29	586	447	265	86	52	1.41	-1.30
332	            Sheep Keeper	1.27	5.16	12.63	650	502	219	114	58	1.35	2.36
333	            Clay Puncher	1.26	4.81	4.14	614	392	282	76	54	1.42	-2.06
334	              New Market	1.26	5.35	9.81	679	418	244	99	60	1.26	-0.07
335	           Dwelling Plan	1.24	4.49	11.10	700	590	259	146	61	1.26	-0.50
336	          Milking Parlor	1.24	5.16	10.74	689	460	231	117	60	1.20	0.16
337	           Rocky Terrain	1.24	5.17	7.59	657	414	265	87	57	1.33	-1.18
338	      Fisherman's Friend	1.23	4.62	5.42	559	395	198	94	48	1.23	1.75
339	          Clearing Spade	1.23	4.85	9.15	627	409	227	94	54	1.17	-1.36
340	       Storehouse Keeper	1.22	3.79	4.25	622	470	288	76	53	1.35	-1.04
341	      Established Person	1.21	4.14	4.61	588	346	238	81	50	1.24	-1.99
342	               Sack Cart	1.21	4.45	7.20	651	395	241	86	55	1.12	-0.81
343	              Fern Seeds	1.21	5.68	11.82	616	342	163	91	52	1.09	2.19
344	            Clay Deposit	1.20	4.69	7.99	679	424	217	96	57	1.12	-0.59
345	             Hide Farmer	1.20	5.37	13.25	643	407	220	97	54	1.22	-0.86
346	              Woolgrower	1.20	5.48	10.09	669	457	213	108	56	1.20	0.94
347	         Patch Caregiver	1.19	5.28	9.81	634	407	252	85	53	1.23	-2.50
348	               Childless	1.18	4.06	3.53	605	318	170	76	50	1.07	1.40
349	           Roof Examiner	1.18	5.55	10.74	607	417	184	109	50	1.15	0.49
350	             Pig Breeder	1.18	5.79	11.98	630	382	174	90	52	1.04	0.54
351	                 Seducer	1.16	4.70	9.03	629	442	209	105	51	1.20	0.98
352	    Family Friendly Home	1.15	4.33	6.35	693	389	246	91	56	1.21	0.58
353	                 Granary	1.15	4.75	7.64	635	371	237	83	51	1.25	-0.41
354	          Fodder Planter	1.15	5.56	11.96	623	344	148	97	50	1.09	3.78
355	             Stone Buyer	1.12	5.67	10.45	600	379	152	95	47	1.05	2.09
356	    Night-School Student	1.10	4.84	4.60	635	353	186	89	49	1.07	1.10
357	            Brick Hammer	1.10	4.86	5.34	691	416	261	82	53	1.15	-1.16
358	          Potters Market	1.10	5.31	9.65	665	348	196	79	51	0.99	-0.87
359	        Potato Harvester	1.10	5.40	9.78	637	432	262	82	49	1.33	-0.02
360	                Emissary	1.10	5.58	10.35	609	371	137	101	47	0.93	1.88
361	             Ale-Benches	1.09	4.29	9.67	708	495	271	91	54	1.18	-0.87
362	         Building Tycoon	1.08	4.50	5.26	621	420	211	87	47	1.09	-1.54
363	              Hook Knife	1.08	5.58	11.09	622	339	159	90	47	1.05	2.06
364	            Case Builder	1.08	5.77	11.54	567	333	128	86	43	0.99	2.93
365	          Hoof Caregiver	1.06	5.77	12.31	607	311	147	84	45	1.01	1.21
366	                Bohemian	1.05	4.75	5.44	651	341	204	75	48	1.13	2.52
367	                Pigswill	1.05	5.07	9.29	696	451	278	93	51	1.16	-1.36
368	     Renovation Preparer	1.05	5.17	6.32	601	292	152	64	44	0.97	0.82
369	        Large Greenhouse	1.04	4.25	5.93	698	482	248	98	51	1.14	-0.24
370	 Eternal Rye Cultivation	1.04	5.21	10.73	662	423	223	90	48	1.13	-0.44
371	           Farm Building	1.04	5.22	8.74	685	385	213	86	50	1.15	1.90
372	        Truffle Searcher	1.04	5.40	10.24	630	444	196	97	46	1.09	-0.13
373	              Trout Pool	1.04	5.48	8.94	687	347	187	91	50	0.99	-0.14
374	         Sleeping Corner	1.03	4.36	11.40	651	506	252	98	47	1.21	-0.57
375	        Forestry Studies	1.01	3.89	3.36	667	462	307	74	47	1.31	-1.83
376	           Potato Ridger	0.98	4.83	9.59	653	340	182	71	45	0.99	0.14
377	        District Manager	0.96	5.05	5.73	581	285	143	74	39	0.96	1.60
378	               Muck Rake	0.96	5.23	11.14	699	350	207	73	47	1.05	0.14
379	              Stablehand	0.96	5.68	9.58	623	280	142	66	42	0.92	2.58
380	                   Brook	0.95	4.49	6.06	616	396	222	82	41	1.03	-0.86
381	              Beer Stein	0.95	5.00	9.38	646	339	175	79	43	0.95	0.52
382	            Feeding Dish	0.93	5.23	8.63	657	390	220	83	43	1.04	-0.37
383	          Mineral Feeder	0.93	5.37	9.93	659	394	195	77	43	1.00	0.70
384	       Resource Recycler	0.93	5.53	11.34	617	302	143	72	40	0.89	0.37
385	                   Groom	0.93	5.81	10.89	612	270	137	73	40	0.95	3.20
386	                Merchant	0.91	5.51	7.54	642	330	142	79	41	0.84	2.14
387	         Sowing Director	0.91	5.82	11.22	626	350	131	98	40	0.81	1.26
388	            Mineralogist	0.90	4.73	6.03	622	443	218	72	39	0.94	-3.13
389	        Nutrition Expert	0.90	5.21	9.71	603	378	168	85	38	0.93	-1.53
390	                 Knapper	0.90	5.62	8.16	654	284	119	66	41	0.76	0.31
391	         Patch Caretaker	0.89	5.11	8.07	575	328	143	80	36	0.91	0.89
392	          Pasture Master	0.89	5.74	11.87	627	230	102	77	39	0.75	3.27
393	              Millwright	0.88	5.42	9.39	619	337	186	68	38	0.92	-2.24
394	                Feedyard	0.88	5.51	11.92	682	340	151	72	42	0.82	2.09
395	          Chief Forester	0.87	5.29	9.49	588	362	168	79	36	0.92	-0.30
396	          Stone Clearing	0.87	5.38	10.51	643	335	121	85	39	0.77	3.14
397	               Pub Owner	0.86	5.59	7.88	651	273	139	72	39	0.81	-0.90
398	      Earthenware Potter	0.85	4.86	3.60	619	277	151	73	37	0.88	-0.19
399	            Stone Carver	0.85	5.26	7.71	608	346	171	74	36	0.96	1.08
400	              Garden Hoe	0.85	5.40	9.18	671	344	181	79	40	0.89	-0.41
401	         Drinking Trough	0.85	5.65	10.30	654	311	149	63	39	0.84	1.70
402	  Automatic Water Trough	0.85	5.90	10.72	672	319	159	74	40	0.84	0.36
403	             Mantlepiece	0.84	4.91	5.59	650	280	135	70	38	0.75	0.42
404	           Pattern Maker	0.84	5.64	10.28	643	297	135	66	38	0.86	2.79
405	         Interim Storage	0.83	4.98	4.51	638	344	171	67	37	0.89	0.16
406	                Lutenist	0.83	5.09	5.14	585	306	132	69	34	0.82	3.11
407	      Mushroom Collector	0.80	4.23	3.91	639	416	240	69	36	0.98	-3.30
408	           Digging Spade	0.80	5.20	9.57	678	392	200	77	38	0.89	-1.55
409	                     Cob	0.80	5.41	7.08	642	251	120	60	36	0.76	5.97
410	               Mandoline	0.79	5.19	8.32	706	325	154	66	39	0.81	2.20
411	           Turnip Farmer	0.79	5.40	9.58	581	302	130	61	32	0.81	1.78
412	            Small Trader	0.77	4.97	5.01	647	281	158	54	35	0.78	-0.84
413	           Debt Security	0.77	5.50	12.09	672	270	145	70	36	0.75	-0.28
414	            Pure Breeder	0.74	5.68	8.87	599	257	106	65	31	0.62	1.24
415	                Sculptor	0.73	5.09	7.37	591	343	147	69	30	0.76	-1.59
416	               Pan Baker	0.73	5.37	8.71	605	259	114	54	31	0.67	1.82
417	          Brotherly Love	0.73	5.52	8.96	647	286	166	61	33	0.80	-0.96
418	              Lumberjack	0.72	5.50	8.86	592	298	141	69	30	0.81	-0.64
419	        Stable Architect	0.72	5.52	13.17	616	320	160	58	31	0.90	0.78
420	        Gardener's Knife	0.71	5.78	11.89	647	260	105	62	32	0.66	1.87
421	      Storehouse Steward	0.70	4.88	4.31	613	319	166	59	30	0.81	-2.74
422	           Hollow Warden	0.70	5.10	4.76	610	385	181	78	30	0.89	-0.79
423	          Tree Inspector	0.70	5.24	4.32	633	206	110	44	31	0.68	0.93
424	            Green Grocer	0.69	5.50	9.69	578	311	118	66	28	0.70	-0.23
425	         Building Expert	0.67	4.72	4.88	618	358	196	57	29	0.81	-0.65
426	         Clay Embankment	0.67	5.75	9.14	699	304	157	64	33	0.73	-0.14
427	                 Furrows	0.67	5.86	11.21	681	321	181	66	32	0.78	-1.96
428	           Milking Place	0.65	5.49	8.87	640	260	124	49	29	0.67	0.64
429	         Ravenous Hunger	0.64	5.42	10.13	643	258	123	58	29	0.67	0.65
430	         Facades Carving	0.64	5.60	12.26	606	217	65	58	27	0.50	1.14
431	             Cube Cutter	0.64	5.94	11.02	629	260	101	68	28	0.63	0.86
432	             Grain Sieve	0.63	5.32	9.05	675	335	160	62	30	0.69	-2.72
433	             Rolling Pin	0.63	5.41	7.14	682	211	123	45	30	0.62	0.81
434	           Second Spouse	0.61	5.50	11.59	585	295	107	58	25	0.59	-0.67
435	  Craftsmanship Promoter	0.60	5.29	8.11	642	406	146	77	27	0.71	-1.19
436	              Field Clay	0.60	6.05	11.98	672	235	94	61	28	0.55	3.66
437	            Cattle Buyer	0.59	5.78	10.88	605	309	111	58	25	0.67	2.50
438	                  Basket	0.58	5.04	6.80	684	236	135	55	28	0.62	-1.79
439	             Cattle Farm	0.58	5.85	10.13	694	240	115	49	28	0.57	1.00
440	            Storage Barn	0.57	6.02	11.48	674	201	91	49	27	0.53	1.34
441	       Joiner of the Sea	0.56	5.01	3.58	608	248	116	47	24	0.63	-1.36
442	            Pellet Press	0.56	5.19	7.05	666	267	114	65	26	0.59	1.01
443	          Petrified Wood	0.55	5.55	10.15	620	313	110	71	24	0.56	-0.44
444	             Abort Oriel	0.54	4.98	3.76	662	298	144	56	25	0.63	-0.85
445	               Freemason	0.54	5.00	4.80	614	193	115	34	23	0.54	-2.94
446	    Fire Protection Pond	0.54	5.12	4.47	657	344	202	52	25	0.80	-1.28
447	          Master Workman	0.54	5.46	7.39	636	319	150	62	24	0.70	-1.59
448	     Young Animal Market	0.53	6.18	11.04	679	214	106	55	25	0.49	-0.38
449	            Early Cattle	0.52	5.16	8.92	692	190	85	47	25	0.47	0.94
450	       Riverine Shepherd	0.52	5.27	6.99	601	298	121	46	22	0.59	-1.35
451	              Transactor	0.52	6.12	13.21	629	251	77	58	23	0.50	1.87
452	Corn Schnapps Distillery	0.50	5.01	7.88	681	328	121	63	24	0.57	0.10
453	        Plant Fertilizer	0.50	6.06	12.76	657	233	92	53	23	0.50	0.52
454	            Market Stall	0.49	5.70	10.70	643	256	118	44	22	0.52	-3.05
455	          Wood Harvester	0.48	5.72	6.75	624	206	85	50	21	0.50	3.13
456	            Blade Shears	0.48	5.94	11.77	658	239	94	57	22	0.48	-1.05
457	          Asparagus Gift	0.48	5.96	9.51	655	169	68	52	22	0.44	3.83
458	  Bed in the Grain Field	0.46	5.03	9.49	682	328	108	56	22	0.54	0.04
459	            Full Peasant	0.46	5.59	10.84	651	255	85	49	21	0.42	0.09
460	               Sculpture	0.44	5.92	11.94	655	262	52	72	20	0.39	6.61
461	         Lumber Virtuoso	0.43	5.18	4.69	596	221	99	50	18	0.58	-0.48
462	              Game Trade	0.42	5.97	12.72	682	252	109	46	20	0.52	-0.75
463	    Material Deliveryman	0.41	5.29	6.65	633	233	82	51	18	0.44	0.19
464	               Stagehand	0.41	5.57	7.92	622	258	87	64	18	0.45	1.67
465	            Stall Holder	0.41	5.66	10.51	564	160	61	37	16	0.37	-1.88
466	           Canal Boatman	0.39	5.09	9.26	626	267	114	33	17	0.43	-4.69
467	          Dwelling Mound	0.39	5.24	2.11	666	179	98	37	18	0.44	-3.27
468	        Wholesale Market	0.39	5.64	10.68	689	222	74	37	19	0.40	2.70
469	                 Gritter	0.39	5.83	9.46	654	201	93	46	18	0.44	-0.41
470	                    Corf	0.39	5.86	8.81	691	271	111	58	19	0.49	-0.82
471	       Cookery Outfitter	0.36	6.20	13.28	629	194	61	47	16	0.36	0.55
472	            Civic Facade	0.34	5.38	7.92	680	177	86	36	16	0.38	1.16
473	           Wool Blankets	0.33	5.95	13.06	649	136	51	34	15	0.33	1.72
474	       Pioneering Spirit	0.32	5.31	6.42	662	162	85	28	15	0.38	0.15
475	            Stork's Nest	0.31	5.19	8.91	639	225	70	49	14	0.33	-1.38
476	     Elephantgrass Plant	0.31	5.64	10.21	698	181	62	46	15	0.32	1.66
477	            Wall Builder	0.30	5.60	4.51	622	133	53	26	13	0.28	-1.07
478	             Stable Yard	0.30	5.83	13.13	626	170	39	34	13	0.29	1.72
479	          Dutch Windmill	0.29	5.63	11.49	646	208	69	38	13	0.37	0.25
480	      Cooperative Plower	0.28	5.17	7.18	604	237	110	29	12	0.35	-5.53
481	             Sugar Baker	0.28	6.04	10.38	623	144	37	35	12	0.21	0.99
482	    Little Stick Knitter	0.26	5.21	6.39	594	256	59	53	11	0.26	-2.90
483	      Large-Scale Farmer	0.26	5.33	6.96	555	205	57	39	10	0.31	-1.71
484	            Bean Counter	0.26	5.60	6.15	595	137	53	26	11	0.30	1.46
485	                 Midwife	0.24	5.07	6.34	649	314	108	61	11	0.38	-3.55
486	        Cattle Whisperer	0.24	5.73	6.31	593	147	48	29	10	0.24	-1.33
487	        Riparian Builder	0.23	5.18	6.37	618	265	90	42	10	0.32	-5.23
488	               Trellises	0.23	5.51	9.17	682	159	63	31	11	0.29	2.49
489	             Wood Worker	0.23	5.68	8.35	625	238	86	40	10	0.37	-3.17
490	              Mill Wheel	0.23	5.96	11.02	670	156	53	25	11	0.22	-2.93
491	                Outrider	0.23	5.97	8.55	609	135	42	35	10	0.23	-0.78
492	     Reed Roof Renovator	0.23	6.08	9.17	609	174	58	38	10	0.31	0.00
493	               Oven Site	0.22	5.86	10.10	652	144	42	36	10	0.22	1.29
494	             Garden Claw	0.22	5.92	9.52	664	158	42	38	10	0.21	-0.25
495	         Sheep Whisperer	0.21	5.64	3.98	600	152	64	28	9	0.32	-1.00
496	           Perennial Rye	0.21	6.00	10.61	622	127	28	27	9	0.18	3.29
497	                Minstrel	0.19	6.16	10.19	590	118	37	30	8	0.21	-1.08
498	         Social Benefits	0.18	5.02	2.29	644	100	42	18	8	0.16	-6.44
499	              Silokeeper	0.18	6.13	9.27	643	110	33	18	8	0.18	-0.64
500	             Roughcaster	0.17	5.44	7.79	593	131	61	18	7	0.26	-2.54
501	            Growing Farm	0.16	5.93	8.82	693	92	17	22	8	0.13	5.73
502	              Claw Knife	0.15	5.78	11.02	657	207	44	32	7	0.22	1.22
503	            Sequestrator	0.15	6.10	10.00	656	68	14	15	7	0.11	11.44
504	             Wealthy Man	0.14	5.84	6.26	606	113	23	19	6	0.12	0.23
505	      Interior Decorator	0.14	5.96	6.18	621	82	28	18	6	0.17	3.91
506	               Paymaster	0.13	6.12	10.43	640	102	21	23	6	0.12	0.86
507	        Forest Scientist	0.10	5.74	6.59	595	154	49	24	4	0.17	-5.78
508	    Small Animal Breeder	0.09	5.92	1.65	634	59	23	11	4	0.10	-1.75
509	                Huntsman	0.09	5.94	10.83	606	106	23	14	4	0.11	-0.53
510	               Loudmouth	0.05	5.82	6.81	589	84	27	8	2	0.09	-4.68
511	          Heart of Stone	0.04	5.89	7.22	650	71	9	14	2	0.04	-2.34
512	                 Catcher	0.02	6.08	8.50	626	36	8	5	1	0.04	2.61